{
  "lowlevel": {
    "average_loudness": 0.089862473309,
    "barkbands": {
      "dmean": [
        0.00000167350390257,
        0.000293789344141,
        0.000330895883963,
        0.0003595148155,
        0.000831352488603,
        0.00101649085991,
        0.000845474773087,
        0.000646089669317,
        0.00034810739453,
        0.000490263511892,
        0.000315276702167,
        0.000434228597442,
        0.000354183808668,
        0.000434549292549,
        0.000241147878114,
        0.000185027281987,
        0.000168390732142,
        0.0000919167723623,
        0.000107052495878,
        0.0000509173223691,
        0.0000244174734689,
        0.00000927002110984,
        0.00000381242011827,
        0.00000204940602089,
        8.41366272653E-7,
        1.35916437216E-7,
        2.48894398425E-8
      ],
      "dmean2": [
        0.00000279181585938,
        0.000483751966385,
        0.000508268538397,
        0.000554703234229,
        0.00126610067673,
        0.00152754329611,
        0.00131636369042,
        0.000971078989096,
        0.000540483160876,
        0.000762338517234,
        0.000524398114067,
        0.000702867924701,
        0.000558035855647,
        0.000682786805555,
        0.000396314484533,
        0.000306814879877,
        0.000274566671578,
        0.0001475859317,
        0.000173877051566,
        0.0000810148412711,
        0.0000382492180506,
        0.0000140843558256,
        0.00000561082606509,
        0.0000029553314107,
        0.00000119245692076,
        1.92902319895E-7,
        3.95075261395E-8
      ],
      "dvar": [
        1.2351974478E-11,
        4.71853752515E-7,
        5.96094707817E-7,
        9.68178710536E-7,
        0.00000463372316517,
        0.00000578616572966,
        0.00000387852196582,
        0.00000342407702192,
        7.58758403663E-7,
        0.00000175000968738,
        0.0000019894862362,
        0.00000184756368071,
        0.00000117029946978,
        0.00000371644432562,
        4.00796807298E-7,
        3.54526946467E-7,
        2.50023077797E-7,
        8.55952819734E-8,
        9.89255966033E-8,
        2.55113441483E-8,
        3.88383192274E-9,
        5.48403489287E-10,
        1.12680503817E-10,
        4.38225046528E-11,
        1.02594235191E-11,
        2.19062981188E-13,
        2.39730928149E-15
      ],
      "dvar2": [
        3.13104576988E-11,
        0.00000126698671465,
        0.00000131246167712,
        0.00000220585866373,
        0.0000102687290564,
        0.0000127436405819,
        0.00000898759299162,
        0.00000708321113052,
        0.00000165941605701,
        0.00000389681963497,
        0.00000555720362172,
        0.00000466983692604,
        0.00000273576824839,
        0.00000799835743237,
        0.00000105077572243,
        9.36192122936E-7,
        6.31166244602E-7,
        2.20194749545E-7,
        2.60508642214E-7,
        6.45473008376E-8,
        9.68867297502E-9,
        1.28825827783E-9,
        2.47825010513E-10,
        9.97739876829E-11,
        2.32873408057E-11,
        4.72484302117E-13,
        5.69632960457E-15
      ],
      "max": [
        0.000168511105585,
        0.02601948753,
        0.0190627463162,
        0.0282157063484,
        0.0855189412832,
        0.0601155459881,
        0.0370762683451,
        0.0514856539667,
        0.043423820287,
        0.0429004170001,
        0.0504432395101,
        0.0339451804757,
        0.0288661997765,
        0.0685347318649,
        0.0194327607751,
        0.0167336817831,
        0.0156929176301,
        0.00964736565948,
        0.00691950600594,
        0.00514113623649,
        0.0016568468418,
        0.000579823506996,
        0.000293992110528,
        0.000323534652125,
        0.000166664583958,
        0.0000222165817831,
        0.00000275019215223
      ],
      "mean": [
        0.00000241153293246,
        0.000479098962387,
        0.000539432337973,
        0.000574491801672,
        0.00151162222028,
        0.0019017070299,
        0.00132485991344,
        0.00100082508288,
        0.00056265440071,
        0.000764084979892,
        0.000410833279602,
        0.000611847091932,
        0.000523886759765,
        0.000690015032887,
        0.000377923686756,
        0.000290431460598,
        0.000262843124801,
        0.000151989952428,
        0.000174510656507,
        0.0000910038579605,
        0.0000496354514326,
        0.0000187484674825,
        0.00000729561224944,
        0.00000409434142057,
        0.00000165165954513,
        3.43544030557E-7,
        1.67890959801E-7
      ],
      "median": [
        6.86015255269E-7,
        0.0000766010562074,
        0.0000619624261162,
        0.0000491572209285,
        0.000204911761102,
        0.00023145218438,
        0.000207539007533,
        0.000112167115731,
        0.0000778286557761,
        0.0000714309717296,
        0.0000220058500418,
        0.0000342212260875,
        0.0000382124053431,
        0.0000260179422185,
        0.0000373607981601,
        0.000019940393031,
        0.0000226431548072,
        0.0000127646035253,
        0.0000111581903184,
        0.00000717399962014,
        0.00000354015446646,
        0.00000135912785026,
        4.27796607028E-7,
        2.65031502522E-7,
        1.49668565541E-7,
        1.06321962789E-7,
        1.45691316789E-7
      ],
      "min": [
        1.94223803707E-12,
        2.69518565452E-12,
        1.49632454864E-12,
        1.17966530641E-12,
        1.56560300748E-12,
        2.81397518134E-13,
        3.43919703371E-14,
        2.11595308332E-13,
        3.3808608582E-13,
        1.92298068202E-13,
        1.88650256441E-13,
        1.4464024054E-13,
        1.41193505929E-14,
        1.0499117038E-13,
        2.21472539201E-13,
        1.01594276882E-13,
        9.08465468651E-14,
        1.23191861985E-13,
        3.94338722917E-13,
        3.29903124133E-13,
        1.26123417266E-12,
        5.04080772349E-13,
        2.2273846721E-13,
        5.83544714286E-13,
        6.19495340443E-13,
        2.03035071394E-12,
        4.39403374797E-12
      ],
      "var": [
        3.64715826984E-11,
        0.00000133368689603,
        0.00000161550008215,
        0.00000249961203735,
        0.0000126042214106,
        0.0000171822211996,
        0.00000796454878582,
        0.00000790190551925,
        0.00000168389192368,
        0.00000344695899912,
        0.00000266775145974,
        0.00000296159851132,
        0.00000208335677598,
        0.00000716170097803,
        7.56919462219E-7,
        6.08326558904E-7,
        4.27312954798E-7,
        1.50080467165E-7,
        1.82952774708E-7,
        5.16962757047E-8,
        1.11172200334E-8,
        1.55729984463E-9,
        2.79388318036E-10,
        9.00853072694E-11,
        1.80150182966E-11,
        4.32409560632E-13,
        5.21301895761E-15
      ]
    },
    "barkbands_crest": {
      "dmean": 2.55978655815,
      "dmean2": 4.17143297195,
      "dvar": 5.3269443512,
      "dvar2": 13.4654035568,
      "max": 25.9057693481,
      "mean": 9.04865837097,
      "median": 8.180560112,
      "min": 2.48535561562,
      "var": 15.3191699982
    },
    "barkbands_flatness_db": {
      "dmean": 0.0181159321219,
      "dmean2": 0.0271677821875,
      "dvar": 0.000247348158155,
      "dvar2": 0.000556512444746,
      "max": 0.354097008705,
      "mean": 0.151034846902,
      "median": 0.14746722579,
      "min": 0.0142195839435,
      "var": 0.00251611159183
    },
    "barkbands_kurtosis": {
      "dmean": 1.89334881306,
      "dmean2": 2.97496056557,
      "dvar": 12.7841072083,
      "dvar2": 27.8585910797,
      "max": 169.811218262,
      "mean": 2.71673130989,
      "median": 0.748014211655,
      "min": -1.87348484993,
      "var": 58.4322319031
    },
    "barkbands_skewness": {
      "dmean": 0.459214836359,
      "dmean2": 0.703758001328,
      "dvar": 0.183140516281,
      "dvar2": 0.417825698853,
      "max": 9.51448631287,
      "mean": 0.956256866455,
      "median": 0.92794084549,
      "min": -4.625664711,
      "var": 1.31092941761
    },
    "barkbands_spread": {
      "dmean": 4.0934214592,
      "dmean2": 6.44770860672,
      "dvar": 26.9008026123,
      "dvar2": 67.2988967896,
      "max": 125.880760193,
      "mean": 18.3740234375,
      "median": 15.2252454758,
      "min": 1.15389442444,
      "var": 255.126419067
    },
    "dissonance": {
      "dmean": 0.0246589370072,
      "dmean2": 0.0414728149772,
      "dvar": 0.000593039556406,
      "dvar2": 0.00164467212744,
      "max": 0.5,
      "mean": 0.449339419603,
      "median": 0.456118047237,
      "min": 0.124595679343,
      "var": 0.00138208759017
    },
    "dynamic_complexity": 10.8241491318,
    "erbbands": {
      "dmean": [
        0.00445178244263,
        0.081470310688,
        0.343056738377,
        0.760227501392,
        1.93699514866,
        2.79588198662,
        6.55100917816,
        8.55674552917,
        12.1524219513,
        9.31173229218,
        14.9749488831,
        7.66956520081,
        9.82770061493,
        16.9442310333,
        12.3530921936,
        18.4605140686,
        16.3835258484,
        23.2320327759,
        13.8410367966,
        8.40675544739,
        12.0310182571,
        6.939245224,
        4.90310382843,
        5.05609560013,
        4.81230974197,
        2.57855057716,
        1.33394670486,
        0.554191768169,
        0.351430654526,
        0.208936646581,
        0.0940740555525,
        0.05120870471,
        0.03110139817,
        0.0138647584245,
        0.00372283556499,
        0.000964360835496,
        0.000203225019504,
        0.0000340128535754,
        0.00000515895771969,
        0.00000397103440264
      ],
      "dmean2": [
        0.00707844737917,
        0.133657440543,
        0.529069900513,
        1.15442204475,
        2.95626878738,
        4.27880907059,
        9.64957046509,
        13.0143766403,
        19.1310272217,
        14.3998317719,
        22.1880054474,
        11.7808914185,
        14.9217863083,
        26.9639205933,
        20.5520267487,
        29.5073070526,
        25.6909427643,
        36.4527053833,
        22.3403549194,
        13.8753204346,
        19.8192310333,
        11.1845941544,
        7.85944461823,
        8.12275695801,
        7.72528934479,
        4.08906984329,
        2.10498952866,
        0.845195412636,
        0.53471249342,
        0.314422786236,
        0.138760328293,
        0.0749686658382,
        0.0447788238525,
        0.0198103543371,
        0.00521274842322,
        0.00135856936686,
        0.000290350406431,
        0.000050792536058,
        0.00000772332987253,
        0.00000556095665161
      ],
      "dvar": [
        0.000120032149425,
        0.035854652524,
        0.680064797401,
        3.57555794716,
        32.023109436,
        50.854675293,
        407.191925049,
        511.99407959,
        819.039794922,
        634.324890137,
        2013.80041504,
        323.89743042,
        899.830444336,
        2319.72314453,
        2479.77514648,
        3332.05371094,
        2604.38793945,
        11570.6015625,
        1256.1817627,
        803.28704834,
        1469.05773926,
        410.567687988,
        202.311172485,
        255.525909424,
        214.690429688,
        78.2795562744,
        11.9303998947,
        2.22289776802,
        0.864224493504,
        0.334245830774,
        0.0632676929235,
        0.0248042475432,
        0.0109037421644,
        0.00306740030646,
        0.000146438978845,
        0.0000107725572889,
        4.68276027732E-7,
        1.37228415298E-8,
        9.38963837238E-11,
        5.33599761599E-11
      ],
      "dvar2": [
        0.000320157472743,
        0.0947451516986,
        1.48277664185,
        7.93443584442,
        62.1896209717,
        114.195472717,
        811.422363281,
        1161.53759766,
        1912.51293945,
        1423.93896484,
        4013.18994141,
        739.827026367,
        1731.25415039,
        5706.12597656,
        6987.390625,
        8325.67578125,
        6188.05419922,
        24762.6738281,
        3154.1887207,
        2197.35839844,
        3866.01245117,
        1008.38720703,
        515.840942383,
        672.815734863,
        537.424804688,
        199.912384033,
        29.8789539337,
        5.28520154953,
        2.08877038956,
        0.78357642889,
        0.139948666096,
        0.0568594895303,
        0.0249207951128,
        0.00713220378384,
        0.000295917852782,
        0.0000226398660743,
        0.00000102080548459,
        3.30389156034E-8,
        2.06528252833E-10,
        1.01741420844E-10
      ],
      "max": [
        0.437632381916,
        6.73141527176,
        23.9438114166,
        76.9853591919,
        233.943267822,
        203.469070435,
        1114.22546387,
        735.261230469,
        586.315124512,
        815.176391602,
        1422.45690918,
        547.398071289,
        1684.05578613,
        1198.95776367,
        1598.04785156,
        1749.94885254,
        1386.44482422,
        3931.59814453,
        892.361755371,
        902.905700684,
        1101.75268555,
        566.138183594,
        440.33392334,
        473.291320801,
        379.29574585,
        329.748413086,
        84.9160842896,
        52.025806427,
        22.5428218842,
        13.7858304977,
        6.32976484299,
        5.54566335678,
        5.47579526901,
        3.03335905075,
        0.574550926685,
        0.148704484105,
        0.0356430783868,
        0.00679827854037,
        0.000462778494693,
        0.000187909347005
      ],
      "mean": [
        0.00787288229913,
        0.133895978332,
        0.586859464645,
        1.389062047,
        3.18242073059,
        4.78140449524,
        12.3302316666,
        15.1615905762,
        19.7175769806,
        15.696521759,
        24.1798038483,
        13.2920351028,
        17.4891796112,
        25.5637226105,
        18.5724620819,
        27.0977745056,
        26.0541152954,
        38.5338249207,
        23.2279491425,
        14.3981781006,
        19.6785030365,
        12.104757309,
        8.61870479584,
        8.97684669495,
        8.23713588715,
        4.75052261353,
        2.77378106117,
        1.16713058949,
        0.71827340126,
        0.404474914074,
        0.185573503375,
        0.0995078980923,
        0.0600164756179,
        0.0263203773648,
        0.00773300975561,
        0.00214135623537,
        0.000543333124369,
        0.000124656333355,
        0.0000296679336316,
        0.000017098034732
      ],
      "median": [
        0.00127320399042,
        0.0214698463678,
        0.0783276483417,
        0.192370206118,
        0.366315811872,
        0.69645935297,
        1.41489255428,
        1.94968163967,
        3.24521708488,
        2.50731611252,
        3.02119636536,
        2.16229891777,
        1.721367836,
        2.58902788162,
        1.49460470676,
        1.78684985638,
        1.91736006737,
        1.63762307167,
        1.987008214,
        1.46251070499,
        1.45181918144,
        1.16653263569,
        0.849539875984,
        0.701581776142,
        0.525377333164,
        0.375812202692,
        0.194289579988,
        0.0900752544403,
        0.0532098785043,
        0.0258728023618,
        0.0116076422855,
        0.00619686441496,
        0.00405000708997,
        0.00203859689645,
        0.000898835191038,
        0.000427134946221,
        0.000202625495149,
        0.0000773826104705,
        0.0000206602653634,
        0.0000050608946367
      ],
      "min": [
        1.02000616287E-10,
        5.3091658847E-10,
        1.58651647375E-9,
        3.15988790689E-9,
        4.70086725102E-9,
        5.23481125114E-9,
        4.05956468441E-9,
        1.72589820213E-9,
        3.43575501383E-10,
        1.98443328436E-9,
        5.74039704659E-9,
        7.6888637679E-9,
        6.57816734417E-9,
        6.55500365099E-9,
        7.91765586428E-9,
        5.10954523136E-9,
        1.04169650683E-9,
        3.27658766786E-9,
        1.10660618446E-8,
        7.77362263449E-9,
        7.10690795103E-9,
        4.68067540282E-9,
        5.20322007702E-9,
        1.86134947455E-8,
        1.71003300409E-8,
        1.5329302272E-8,
        4.09547666891E-8,
        5.31704387186E-8,
        1.91029663199E-8,
        8.73856453865E-9,
        5.0300079657E-9,
        1.18350254041E-8,
        8.9032887729E-9,
        7.11698655564E-9,
        5.21899368167E-9,
        6.09109207517E-9,
        5.16814413487E-9,
        1.48099321695E-9,
        5.92796700616E-10,
        7.27543511547E-11
      ],
      "var": [
        0.000370702618966,
        0.101792961359,
        1.95631444454,
        11.9987926483,
        89.7668991089,
        117.282676697,
        1382.29797363,
        1250.72741699,
        1736.5534668,
        1369.56628418,
        4871.93212891,
        764.199462891,
        2214.23486328,
        4061.01708984,
        3415.74829102,
        5575.72119141,
        4940.31396484,
        22087.6171875,
        2682.86987305,
        1437.14453125,
        2556.43823242,
        763.145446777,
        381.830230713,
        505.076904297,
        413.624359131,
        155.390472412,
        34.7046699524,
        5.84388875961,
        2.34884738922,
        0.844580709934,
        0.165580078959,
        0.0520870015025,
        0.0206912234426,
        0.00495730852708,
        0.000333006028086,
        0.0000221260397666,
        9.31526017212E-7,
        2.24725216214E-8,
        4.09978467841E-10,
        4.97055674398E-10
      ]
    },
    "erbbands_crest": {
      "dmean": 3.14836740494,
      "dmean2": 5.14969730377,
      "dvar": 8.46517562866,
      "dvar2": 20.767572403,
      "max": 32.0458641052,
      "mean": 10.1697072983,
      "median": 8.97142505646,
      "min": 1.86709916592,
      "var": 23.4616336823
    },
    "erbbands_flatness_db": {
      "dmean": 0.0165300630033,
      "dmean2": 0.0247490517795,
      "dvar": 0.000223344410188,
      "dvar2": 0.000460672599729,
      "max": 0.422003060579,
      "mean": 0.200616821647,
      "median": 0.202983692288,
      "min": 0.0197586715221,
      "var": 0.00269329478033
    },
    "erbbands_kurtosis": {
      "dmean": 0.979318857193,
      "dmean2": 1.57723140717,
      "dvar": 3.16633868217,
      "dvar2": 6.82231473923,
      "max": 89.4958648682,
      "mean": 0.515986025333,
      "median": -0.177064418793,
      "min": -1.6658642292,
      "var": 8.48927879333
    },
    "erbbands_skewness": {
      "dmean": 0.384279578924,
      "dmean2": 0.603592097759,
      "dvar": 0.116830229759,
      "dvar2": 0.269086837769,
      "max": 5.75247192383,
      "mean": 0.248428151011,
      "median": 0.195822387934,
      "min": -7.26368713379,
      "var": 0.640091300011
    },
    "erbbands_spread": {
      "dmean": 5.1685962677,
      "dmean2": 8.16489887238,
      "dvar": 24.0416870117,
      "dvar2": 58.4964370728,
      "max": 135.539535522,
      "mean": 25.6600379944,
      "median": 23.7337493896,
      "min": 0.793155610561,
      "var": 196.443954468
    },
    "gfcc": {
      "cov": [
        [
          18223.9570312,
          4282.62646484,
          -3530.72387695,
          989.764099121,
          -1296.94799805,
          -266.52230835,
          -266.343048096,
          -431.663848877,
          -206.738601685,
          -405.2159729,
          142.408203125,
          -428.66003418,
          163.925094604
        ],
        [
          4282.62646484,
          3037.7746582,
          -96.5374908447,
          -495.257263184,
          -159.109970093,
          -399.150299072,
          -151.960144043,
          -213.890930176,
          -110.852706909,
          -113.821998596,
          25.659576416,
          -110.281944275,
          35.6499404907
        ],
        [
          -3530.72387695,
          -96.5374908447,
          1535.78393555,
          -165.871444702,
          327.066589355,
          90.1790542603,
          -31.4584083557,
          -16.2739524841,
          -28.1351966858,
          25.8513011932,
          -43.9223098755,
          81.1281814575,
          -43.7140426636
        ],
        [
          989.764099121,
          -495.257263184,
          -165.871444702,
          717.289245605,
          -4.22011899948,
          187.787033081,
          53.3278198242,
          -16.1631965637,
          -1.43760323524,
          -58.2801437378,
          -9.30656719208,
          -30.0066299438,
          -0.180164083838
        ],
        [
          -1296.94799805,
          -159.109970093,
          327.066589355,
          -4.22011899948,
          268.388366699,
          92.6055908203,
          59.6421127319,
          28.2971115112,
          9.79400920868,
          36.930973053,
          -9.13283157349,
          12.6604480743,
          -29.7632160187
        ],
        [
          -266.52230835,
          -399.150299072,
          90.1790542603,
          187.787033081,
          92.6055908203,
          264.8175354,
          69.6157073975,
          25.0902919769,
          8.51075839996,
          9.93233394623,
          4.01354503632,
          -7.45213937759,
          -28.0252571106
        ],
        [
          -266.343048096,
          -151.960144043,
          -31.4584083557,
          53.3278198242,
          59.6421127319,
          69.6157073975,
          126.052993774,
          71.9396514893,
          36.2312164307,
          12.8175010681,
          -4.33409357071,
          -3.3718252182,
          -6.71246767044
        ],
        [
          -431.663848877,
          -213.890930176,
          -16.2739524841,
          -16.1631965637,
          28.2971115112,
          25.0902919769,
          71.9396514893,
          122.631019592,
          64.8058395386,
          28.719625473,
          -5.7636384964,
          10.3826904297,
          -0.350519299507
        ],
        [
          -206.738601685,
          -110.852706909,
          -28.1351966858,
          -1.43760323524,
          9.79400920868,
          8.51075839996,
          36.2312164307,
          64.8058395386,
          88.584197998,
          51.1377944946,
          11.9194459915,
          5.38592195511,
          -5.48897171021
        ],
        [
          -405.2159729,
          -113.821998596,
          25.8513011932,
          -58.2801437378,
          36.930973053,
          9.93233394623,
          12.8175010681,
          28.719625473,
          51.1377944946,
          98.9241638184,
          53.8664512634,
          22.1513309479,
          -13.0580625534
        ],
        [
          142.408203125,
          25.659576416,
          -43.9223098755,
          -9.30656719208,
          -9.13283157349,
          4.01354503632,
          -4.33409357071,
          -5.7636384964,
          11.9194459915,
          53.8664512634,
          88.8031311035,
          41.7475547791,
          2.15882301331
        ],
        [
          -428.66003418,
          -110.281944275,
          81.1281814575,
          -30.0066299438,
          12.6604480743,
          -7.45213937759,
          -3.3718252182,
          10.3826904297,
          5.38592195511,
          22.1513309479,
          41.7475547791,
          88.8274917603,
          38.4959259033
        ],
        [
          163.925094604,
          35.6499404907,
          -43.7140426636,
          -0.180164083838,
          -29.7632160187,
          -28.0252571106,
          -6.71246767044,
          -0.350519299507,
          -5.48897171021,
          -13.0580625534,
          2.15882301331,
          38.4959259033,
          80.4331054688
        ]
      ],
      "icov": [
        [
          0.00208840123378,
          -0.00366447283886,
          0.00344440969639,
          -0.00381702487357,
          0.00446052709594,
          -0.00422956375405,
          0.00346979522146,
          -0.00222245790064,
          0.00193103472702,
          -0.000952276168391,
          -0.000578093051445,
          0.00129272800405,
          -0.000937885954045
        ],
        [
          -0.00366447283886,
          0.00715101556852,
          -0.00620487611741,
          0.00723661808297,
          -0.00804742798209,
          0.00820012390614,
          -0.00647031283006,
          0.00501406751573,
          -0.00430606259033,
          0.00373631762341,
          -0.00140106398612,
          0.0000170354378497,
          0.000646131811664
        ],
        [
          0.00344440969639,
          -0.00620487611741,
          0.00687358994037,
          -0.00619996571913,
          0.00616874685511,
          -0.00748579949141,
          0.00667199864984,
          -0.00363407051191,
          0.00343961128965,
          -0.00219383626245,
          0.00111135910265,
          -0.000324498163536,
          -0.000328458700096
        ],
        [
          -0.00381702487357,
          0.00723661808297,
          -0.00619996571913,
          0.00948132760823,
          -0.00837158504874,
          0.00670776236802,
          -0.00699293240905,
          0.00603126408532,
          -0.00588323315606,
          0.00557553488761,
          -0.00161140877753,
          -0.00032429114799,
          0.00060764659429
        ],
        [
          0.00446052709594,
          -0.00804742798209,
          0.00616874685511,
          -0.00837158504874,
          0.0166419055313,
          -0.0102870687842,
          0.00414659269154,
          -0.00463638873771,
          0.00651975069195,
          -0.00675106141716,
          0.00218124664389,
          0.00100897543598,
          -0.000482901348732
        ],
        [
          -0.00422956375405,
          0.00820012390614,
          -0.00748579949141,
          0.00670776236802,
          -0.0102870687842,
          0.0155780557543,
          -0.00973501242697,
          0.00519974855706,
          -0.00354065140709,
          0.00325622060336,
          -0.00212856172584,
          0.00019952376897,
          0.00201224070042
        ],
        [
          0.00346979522146,
          -0.00647031283006,
          0.00667199864984,
          -0.00699293240905,
          0.00414659269154,
          -0.00973501242697,
          0.0218171682209,
          -0.0125819016248,
          0.00294169737026,
          -0.00045274142758,
          -0.0012050193036,
          0.00236569275148,
          -0.00165760947857
        ],
        [
          -0.00222245790064,
          0.00501406751573,
          -0.00363407051191,
          0.00603126408532,
          -0.00463638873771,
          0.00519974855706,
          -0.0125819016248,
          0.023893494159,
          -0.0149492193013,
          0.00453349249437,
          0.00155843573157,
          -0.00241433084011,
          0.000325268658344
        ],
        [
          0.00193103472702,
          -0.00430606259033,
          0.00343961128965,
          -0.00588323315606,
          0.00651975069195,
          -0.00354065140709,
          0.00294169737026,
          -0.0149492193013,
          0.0309197623283,
          -0.0190925318748,
          0.0072803995572,
          -0.00133780343458,
          0.000643782841507
        ],
        [
          -0.000952276168391,
          0.00373631762341,
          -0.00219383626245,
          0.00557553488761,
          -0.00675106141716,
          0.00325622060336,
          -0.00045274142758,
          0.00453349249437,
          -0.0190925318748,
          0.0361676551402,
          -0.0239766091108,
          0.00852088443935,
          -0.00114254257642
        ],
        [
          -0.000578093051445,
          -0.00140106398612,
          0.00111135910265,
          -0.00161140877753,
          0.00218124664389,
          -0.00212856172584,
          -0.0012050193036,
          0.00155843573157,
          0.0072803995572,
          -0.0239766091108,
          0.0373255759478,
          -0.0226254742593,
          0.00880249030888
        ],
        [
          0.00129272800405,
          0.0000170354378497,
          -0.000324498163536,
          -0.00032429114799,
          0.00100897543598,
          0.00019952376897,
          0.00236569275148,
          -0.00241433084011,
          -0.00133780343458,
          0.00852088443935,
          -0.0226254742593,
          0.0336428098381,
          -0.016391877085
        ],
        [
          -0.000937885954045,
          0.000646131811664,
          -0.000328458700096,
          0.00060764659429,
          -0.000482901348732,
          0.00201224070042,
          -0.00165760947857,
          0.000325268658344,
          0.000643782841507,
          -0.00114254257642,
          0.00880249030888,
          -0.016391877085,
          0.0217335857451
        ]
      ],
      "mean": [
        -141.4034729,
        106.526679993,
        -135.101623535,
        7.81715774536,
        -44.7669563293,
        -8.29204368591,
        -31.6617565155,
        -0.245408415794,
        -18.5235137939,
        1.5718100071,
        -9.32269859314,
        -3.711124897,
        -7.7249455452
      ]
    },
    "hfc": {
      "dmean": 2.86040282249,
      "dmean2": 3.96575903893,
      "dvar": 34.1844215393,
      "dvar2": 65.0231323242,
      "max": 117.797538757,
      "mean": 10.10683918,
      "median": 1.64280605316,
      "min": 1.77073246732E-7,
      "var": 253.224685669
    },
    "melbands": {
      "dmean": [
        0.0000610823917668,
        0.00014944911527,
        0.000152571912622,
        0.00018099200679,
        0.000195800574147,
        0.00018949402147,
        0.000182375704753,
        0.000104998973256,
        0.000113585105282,
        0.0000473570144095,
        0.0000511927319167,
        0.0000723714329069,
        0.0000445244622824,
        0.0000510153731739,
        0.0000407838451792,
        0.0000367335269402,
        0.0000441403935838,
        0.0000232772235904,
        0.0000131153101393,
        0.0000112179632197,
        0.0000154627105076,
        0.00000821506728244,
        0.00000597522375756,
        0.00000543668102182,
        0.00000416923603552,
        0.00000467171730634,
        0.00000230759951592,
        0.00000158887087309,
        0.00000106954598778,
        5.35618937647E-7,
        3.09834803147E-7,
        2.17770690369E-7,
        1.87624976888E-7,
        1.0561625885E-7,
        6.21775413379E-8,
        4.0964209802E-8,
        2.91996258284E-8,
        2.42856987853E-8,
        1.87917947869E-8,
        9.9374588558E-9
      ],
      "dmean2": [
        0.0000996328817564,
        0.000233594619203,
        0.000232006554143,
        0.000276901409961,
        0.00028957950417,
        0.000287499424303,
        0.000285403075395,
        0.000162866621395,
        0.000168063328601,
        0.0000731880645617,
        0.0000777629829827,
        0.000114809583465,
        0.0000740258110454,
        0.0000836917606648,
        0.000063803177909,
        0.0000581596395932,
        0.0000694680784363,
        0.0000376422322006,
        0.0000214484844037,
        0.0000188399990293,
        0.000025481071134,
        0.0000132456434585,
        0.00000971411463979,
        0.00000880818515725,
        0.00000671308589517,
        0.00000765356799093,
        0.00000366105723515,
        0.00000253644816439,
        0.00000171288104411,
        8.34967636365E-7,
        4.85781015414E-7,
        3.39648153158E-7,
        2.89096618644E-7,
        1.62029991202E-7,
        9.39054061178E-8,
        6.18680573439E-8,
        4.4273747335E-8,
        3.62434029455E-8,
        2.76338827376E-8,
        1.46800838152E-8
      ],
      "dvar": [
        2.09479669167E-8,
        1.21314712942E-7,
        1.540241783E-7,
        2.15731887465E-7,
        3.52493401579E-7,
        2.25408683718E-7,
        1.79784564125E-7,
        7.20394126574E-8,
        1.09931164616E-7,
        1.3681405342E-8,
        2.33135803995E-8,
        4.198994219E-8,
        3.8088785459E-8,
        2.73959823716E-8,
        1.9129146267E-8,
        1.28674875199E-8,
        4.1240639348E-8,
        3.78721232153E-9,
        1.69944569528E-9,
        1.2854186604E-9,
        2.54001841782E-9,
        7.10924263903E-10,
        3.82063714E-10,
        3.51978085567E-10,
        2.17106166378E-10,
        2.08731046336E-10,
        4.76972975005E-11,
        3.13191139689E-11,
        8.70670202602E-12,
        2.60214050828E-12,
        7.54240094859E-13,
        3.91070151522E-13,
        3.12232770021E-13,
        1.01883711428E-13,
        2.88281836011E-14,
        1.61348002694E-14,
        1.04811280911E-14,
        6.75275333155E-15,
        4.75123946466E-15,
        1.57170256204E-15
      ],
      "dvar2": [
        5.62875470678E-8,
        2.76917916153E-7,
        3.30583901587E-7,
        4.47164012485E-7,
        7.25022118786E-7,
        5.13278450853E-7,
        4.19188694423E-7,
        1.6137171599E-7,
        2.16169183886E-7,
        3.03892022657E-8,
        4.52615438462E-8,
        1.01900766936E-7,
        1.07104881408E-7,
        6.9813893333E-8,
        4.20166159643E-8,
        3.0703745324E-8,
        8.84550388491E-8,
        9.34039956491E-9,
        4.42402425804E-9,
        3.43810580006E-9,
        6.67214061778E-9,
        1.7706320854E-9,
        8.75800376665E-10,
        9.40358124701E-10,
        5.73542879856E-10,
        5.46766798504E-10,
        1.13702103288E-10,
        8.07692593363E-11,
        2.21769547171E-11,
        6.20813513444E-12,
        1.85105750172E-12,
        9.87154693925E-13,
        7.39268021799E-13,
        2.40833747259E-13,
        6.6697718854E-14,
        3.82993062178E-14,
        2.58271475631E-14,
        1.59551750745E-14,
        1.10851345803E-14,
        3.67111660285E-15
      ],
      "max": [
        0.00610363529995,
        0.0105151366442,
        0.0109766721725,
        0.0138704618439,
        0.0340363867581,
        0.0144095523283,
        0.0087550105527,
        0.00728696770966,
        0.0109028648585,
        0.00500087067485,
        0.00831780955195,
        0.00442890822887,
        0.00751845538616,
        0.00390689214692,
        0.00448574498296,
        0.00304255797528,
        0.00724009703845,
        0.00130813475698,
        0.00202127569355,
        0.00105550675653,
        0.00159101071768,
        0.00070604326902,
        0.000984943355434,
        0.000536732899491,
        0.000491503102239,
        0.000287257891614,
        0.000215858366573,
        0.000214604020584,
        0.0000737505688448,
        0.0000666939959046,
        0.0000265550388576,
        0.00001731622433,
        0.0000202955725399,
        0.00000839394760987,
        0.000004149284905,
        0.00000322854521073,
        0.00000423504843639,
        0.0000039255169213,
        0.00000342922430718,
        0.00000204551361094
      ],
      "mean": [
        0.000104118560557,
        0.000264069822151,
        0.00028015760472,
        0.000297051970847,
        0.000376544194296,
        0.000343144667568,
        0.000297429534839,
        0.000173738138983,
        0.000183929674677,
        0.0000785770316725,
        0.0000888187423698,
        0.000106395687908,
        0.0000608103837294,
        0.0000722455879441,
        0.0000597239813942,
        0.0000570267875446,
        0.0000717451621313,
        0.0000370850611944,
        0.0000209192294278,
        0.0000180471779458,
        0.0000241193429247,
        0.0000129955069497,
        0.00000907501907932,
        0.00000835059017845,
        0.00000680694120092,
        0.00000737078289603,
        0.00000397821486331,
        0.0000027373971534,
        0.00000197387930712,
        0.00000100331260455,
        5.74471641812E-7,
        4.16116989754E-7,
        3.31726397462E-7,
        1.84184472118E-7,
        1.13470953522E-7,
        7.32861451525E-8,
        5.25706305154E-8,
        4.36988756292E-8,
        3.38413279621E-8,
        1.79128711864E-8
      ],
      "median": [
        0.000017167396436,
        0.0000400392164011,
        0.0000378479198844,
        0.0000386483152397,
        0.0000487296056235,
        0.0000440064759459,
        0.0000490359270771,
        0.0000279189716821,
        0.0000236285886785,
        0.000011082473975,
        0.00000819485285319,
        0.0000101808836916,
        0.00000400438375436,
        0.00000419997058998,
        0.00000405672972192,
        0.00000355409474651,
        0.00000240469671553,
        0.00000285286910184,
        0.00000224527434511,
        0.00000145426827203,
        0.00000163210415849,
        0.00000112540021746,
        6.86693454099E-7,
        6.4895880314E-7,
        4.41562519882E-7,
        3.94044576524E-7,
        2.8817427733E-7,
        2.06467902331E-7,
        1.20366379974E-7,
        6.09256645134E-8,
        4.33395968003E-8,
        2.95776665382E-8,
        2.14248867536E-8,
        1.0358451874E-8,
        6.85186840599E-9,
        4.40896164022E-9,
        3.17534798455E-9,
        2.84506063153E-9,
        2.34409069932E-9,
        1.46341960772E-9
      ],
      "min": [
        9.2269334534E-13,
        8.01028080671E-13,
        5.97130309608E-13,
        3.68598218354E-13,
        1.61704078404E-13,
        3.99961808735E-14,
        5.30975054371E-15,
        2.6547633788E-14,
        5.03481601571E-14,
        4.80602428514E-14,
        3.20876985193E-14,
        2.58208625786E-14,
        2.6675611996E-14,
        1.91080316039E-14,
        6.31873661399E-15,
        9.91807606841E-16,
        6.56154114942E-15,
        1.73788951573E-14,
        1.58377678377E-14,
        5.91624773328E-15,
        9.46036275712E-15,
        5.94266626739E-15,
        2.32746612104E-15,
        6.25342317398E-15,
        1.64718380672E-14,
        1.37395477957E-14,
        1.16578177911E-14,
        7.92730173226E-15,
        2.60422651326E-14,
        2.54792508028E-14,
        3.28376309976E-14,
        1.4241364842E-14,
        2.25461620538E-15,
        5.43401197113E-15,
        2.1838341089E-15,
        4.53336861458E-15,
        8.14339508369E-15,
        4.77014693411E-15,
        7.7778783441E-15,
        5.39296644858E-15
      ],
      "var": [
        6.39995718643E-8,
        3.57543285645E-7,
        4.60767040522E-7,
        5.3569630154E-7,
        0.00000114380486593,
        5.81365839025E-7,
        3.84730952874E-7,
        1.57456327088E-7,
        2.72260393785E-7,
        3.08948671091E-8,
        5.64427722338E-8,
        7.25838233961E-8,
        4.97439387459E-8,
        4.21962447206E-8,
        3.23180273654E-8,
        2.40565452003E-8,
        8.25933454962E-8,
        7.90243337434E-9,
        2.98588287428E-9,
        2.4629365214E-9,
        4.31106617071E-9,
        1.1854165427E-9,
        6.70757394072E-10,
        5.39327971172E-10,
        3.95786126095E-10,
        3.64267921382E-10,
        9.72089492235E-11,
        6.07382685813E-11,
        2.02850982539E-11,
        7.07237740594E-12,
        1.65480172967E-12,
        9.21968773028E-13,
        7.06617056534E-13,
        2.16923823197E-13,
        6.75410926189E-14,
        3.02397945009E-14,
        1.78766540687E-14,
        1.17609161003E-14,
        7.94283716354E-15,
        2.43599581729E-15
      ]
    },
    "melbands_crest": {
      "dmean": 3.30648779869,
      "dmean2": 5.3684015274,
      "dvar": 8.38776683807,
      "dvar2": 21.2258262634,
      "max": 32.636592865,
      "mean": 12.0462808609,
      "median": 10.9741306305,
      "min": 2.57365345955,
      "var": 25.4866657257
    },
    "melbands_flatness_db": {
      "dmean": 0.0212320275605,
      "dmean2": 0.0312010422349,
      "dvar": 0.000336508237524,
      "dvar2": 0.000755715067498,
      "max": 0.510444641113,
      "mean": 0.212718382478,
      "median": 0.208925873041,
      "min": 0.0256536342204,
      "var": 0.00543793244287
    },
