{"lowlevel":{"average_loudness":0.089862473309,"barkbands":{"dmean":[1.67350390257e-06,0.000293789344141,0.000330895883963,0.0003595148155,0.000831352488603,0.00101649085991,0.000845474773087,0.000646089669317,0.00034810739453,0.000490263511892,0.000315276702167,0.000434228597442,0.000354183808668,0.000434549292549,0.000241147878114,0.000185027281987,0.000168390732142,9.19167723623e-05,0.000107052495878,5.09173223691e-05,2.44174734689e-05,9.27002110984e-06,3.81242011827e-06,2.04940602089e-06,8.41366272653e-07,1.35916437216e-07,2.48894398425e-08],"dmean2":[2.79181585938e-06,0.000483751966385,0.000508268538397,0.000554703234229,0.00126610067673,0.00152754329611,0.00131636369042,0.000971078989096,0.000540483160876,0.000762338517234,0.000524398114067,0.000702867924701,0.000558035855647,0.000682786805555,0.000396314484533,0.000306814879877,0.000274566671578,0.0001475859317,0.000173877051566,8.10148412711e-05,3.82492180506e-05,1.40843558256e-05,5.61082606509e-06,2.9553314107e-06,1.19245692076e-06,1.92902319895e-07,3.95075261395e-08],"dvar":[1.2351974478e-11,4.71853752515e-07,5.96094707817e-07,9.68178710536e-07,4.63372316517e-06,5.78616572966e-06,3.87852196582e-06,3.42407702192e-06,7.58758403663e-07,1.75000968738e-06,1.9894862362e-06,1.84756368071e-06,1.17029946978e-06,3.71644432562e-06,4.00796807298e-07,3.54526946467e-07,2.50023077797e-07,8.55952819734e-08,9.89255966033e-08,2.55113441483e-08,3.88383192274e-09,5.48403489287e-10,1.12680503817e-10,4.38225046528e-11,1.02594235191e-11,2.19062981188e-13,2.39730928149e-15],"dvar2":[3.13104576988e-11,1.26698671465e-06,1.31246167712e-06,2.20585866373e-06,1.02687290564e-05,1.27436405819e-05,8.98759299162e-06,7.08321113052e-06,1.65941605701e-06,3.89681963497e-06,5.55720362172e-06,4.66983692604e-06,2.73576824839e-06,7.99835743237e-06,1.05077572243e-06,9.36192122936e-07,6.31166244602e-07,2.20194749545e-07,2.60508642214e-07,6.45473008376e-08,9.68867297502e-09,1.28825827783e-09,2.47825010513e-10,9.97739876829e-11,2.32873408057e-11,4.72484302117e-13,5.69632960457e-15],"max":[0.000168511105585,0.02601948753,0.0190627463162,0.0282157063484,0.0855189412832,0.0601155459881,0.0370762683451,0.0514856539667,0.043423820287,0.0429004170001,0.0504432395101,0.0339451804757,0.0288661997765,0.0685347318649,0.0194327607751,0.0167336817831,0.0156929176301,0.00964736565948,0.00691950600594,0.00514113623649,0.0016568468418,0.000579823506996,0.000293992110528,0.000323534652125,0.000166664583958,2.22165817831e-05,2.75019215223e-06],"mean":[2.41153293246e-06,0.000479098962387,0.000539432337973,0.000574491801672,0.00151162222028,0.0019017070299,0.00132485991344,0.00100082508288,0.00056265440071,0.000764084979892,0.000410833279602,0.000611847091932,0.000523886759765,0.000690015032887,0.000377923686756,0.000290431460598,0.000262843124801,0.000151989952428,0.000174510656507,9.10038579605e-05,4.96354514326e-05,1.87484674825e-05,7.29561224944e-06,4.09434142057e-06,1.65165954513e-06,3.43544030557e-07,1.67890959801e-07],"median":[6.86015255269e-07,7.66010562074e-05,6.19624261162e-05,4.91572209285e-05,0.000204911761102,0.00023145218438,0.000207539007533,0.000112167115731,7.78286557761e-05,7.14309717296e-05,2.20058500418e-05,3.42212260875e-05,3.82124053431e-05,2.60179422185e-05,3.73607981601e-05,1.9940393031e-05,2.26431548072e-05,1.27646035253e-05,1.11581903184e-05,7.17399962014e-06,3.54015446646e-06,1.35912785026e-06,4.27796607028e-07,2.65031502522e-07,1.49668565541e-07,1.06321962789e-07,1.45691316789e-07],"min":[1.94223803707e-12,2.69518565452e-12,1.49632454864e-12,1.17966530641e-12,1.56560300748e-12,2.81397518134e-13,3.43919703371e-14,2.11595308332e-13,3.3808608582e-13,1.92298068202e-13,1.88650256441e-13,1.4464024054e-13,1.41193505929e-14,1.0499117038e-13,2.21472539201e-13,1.01594276882e-13,9.08465468651e-14,1.23191861985e-13,3.94338722917e-13,3.29903124133e-13,1.26123417266e-12,5.04080772349e-13,2.2273846721e-13,5.83544714286e-13,6.19495340443e-13,2.03035071394e-12,4.39403374797e-12],"var":[3.64715826984e-11,1.33368689603e-06,1.61550008215e-06,2.49961203735e-06,1.26042214106e-05,1.71822211996e-05,7.96454878582e-06,7.90190551925e-06,1.68389192368e-06,3.44695899912e-06,2.66775145974e-06,2.96159851132e-06,2.08335677598e-06,7.16170097803e-06,7.56919462219e-07,6.08326558904e-07,4.27312954798e-07,1.50080467165e-07,1.82952774708e-07,5.16962757047e-08,1.11172200334e-08,1.55729984463e-09,2.79388318036e-10,9.00853072694e-11,1.80150182966e-11,4.32409560632e-13,5.21301895761e-15]},"barkbands_crest":{"dmean":2.55978655815,"dmean2":4.17143297195,"dvar":5.3269443512,"dvar2":13.4654035568,"max":25.9057693481,"mean":9.04865837097,"median":8.180560112,"min":2.48535561562,"var":15.3191699982},"barkbands_flatness_db":{"dmean":0.0181159321219,"dmean2":0.0271677821875,"dvar":0.000247348158155,"dvar2":0.000556512444746,"max":0.354097008705,"mean":0.151034846902,"median":0.14746722579,"min":0.0142195839435,"var":0.00251611159183},"barkbands_kurtosis":{"dmean":1.89334881306,"dmean2":2.97496056557,"dvar":12.7841072083,"dvar2":27.8585910797,"max":169.811218262,"mean":2.71673130989,"median":0.748014211655,"min":-1.87348484993,"var":58.4322319031},"barkbands_skewness":{"dmean":0.459214836359,"dmean2":0.703758001328,"dvar":0.183140516281,"dvar2":0.417825698853,"max":9.51448631287,"mean":0.956256866455,"median":0.92794084549,"min":-4.625664711,"var":1.31092941761},"barkbands_spread":{"dmean":4.0934214592,"dmean2":6.44770860672,"dvar":26.9008026123,"dvar2":67.2988967896,"max":125.880760193,"mean":18.3740234375,"median":15.2252454758,"min":1.15389442444,"var":255.126419067},"dissonance":{"dmean":0.0246589370072,"dmean2":0.0414728149772,"dvar":0.000593039556406,"dvar2":0.00164467212744,"max":0.5,"mean":0.449339419603,"median":0.456118047237,"min":0.124595679343,"var":0.00138208759017},"dynamic_complexity":10.8241491318,"erbbands":{"dmean":[0.00445178244263,0.081470310688,0.343056738377,0.760227501392,1.93699514866,2.79588198662,6.55100917816,8.55674552917,12.1524219513,9.31173229218,14.9749488831,7.66956520081,9.82770061493,16.9442310333,12.3530921936,18.4605140686,16.3835258484,23.2320327759,13.8410367966,8.40675544739,12.0310182571,6.939245224,4.90310382843,5.05609560013,4.81230974197,2.57855057716,1.33394670486,0.554191768169,0.351430654526,0.208936646581,0.0940740555525,0.05120870471,0.03110139817,0.0138647584245,0.00372283556499,0.000964360835496,0.000203225019504,3.40128535754e-05,5.15895771969e-06,3.97103440264e-06],"dmean2":[0.00707844737917,0.133657440543,0.529069900513,1.15442204475,2.95626878738,4.27880907059,9.64957046509,13.0143766403,19.1310272217,14.3998317719,22.1880054474,11.7808914185,14.9217863083,26.9639205933,20.5520267487,29.5073070526,25.6909427643,36.4527053833,22.3403549194,13.8753204346,19.8192310333,11.1845941544,7.85944461823,8.12275695801,7.72528934479,4.08906984329,2.10498952866,0.845195412636,0.53471249342,0.314422786236,0.138760328293,0.0749686658382,0.0447788238525,0.0198103543371,0.00521274842322,0.00135856936686,0.000290350406431,5.0792536058e-05,7.72332987253e-06,5.56095665161e-06],"dvar":[0.000120032149425,0.035854652524,0.680064797401,3.57555794716,32.023109436,50.854675293,407.191925049,511.99407959,819.039794922,634.324890137,2013.80041504,323.89743042,899.830444336,2319.72314453,2479.77514648,3332.05371094,2604.38793945,11570.6015625,1256.1817627,803.28704834,1469.05773926,410.567687988,202.311172485,255.525909424,214.690429688,78.2795562744,11.9303998947,2.22289776802,0.864224493504,0.334245830774,0.0632676929235,0.0248042475432,0.0109037421644,0.00306740030646,0.000146438978845,1.07725572889e-05,4.68276027732e-07,1.37228415298e-08,9.38963837238e-11,5.33599761599e-11],"dvar2":[0.000320157472743,0.0947451516986,1.48277664185,7.93443584442,62.1896209717,114.195472717,811.422363281,1161.53759766,1912.51293945,1423.93896484,4013.18994141,739.827026367,1731.25415039,5706.12597656,6987.390625,8325.67578125,6188.05419922,24762.6738281,3154.1887207,2197.35839844,3866.01245117,1008.38720703,515.840942383,672.815734863,537.424804688,199.912384033,29.8789539337,5.28520154953,2.08877038956,0.78357642889,0.139948666096,0.0568594895303,0.0249207951128,0.00713220378384,0.000295917852782,2.26398660743e-05,1.02080548459e-06,3.30389156034e-08,2.06528252833e-10,1.01741420844e-10],"max":[0.437632381916,6.73141527176,23.9438114166,76.9853591919,233.943267822,203.469070435,1114.22546387,735.261230469,586.315124512,815.176391602,1422.45690918,547.398071289,1684.05578613,1198.95776367,1598.04785156,1749.94885254,1386.44482422,3931.59814453,892.361755371,902.905700684,1101.75268555,566.138183594,440.33392334,473.291320801,379.29574585,329.748413086,84.9160842896,52.025806427,22.5428218842,13.7858304977,6.32976484299,5.54566335678,5.47579526901,3.03335905075,0.574550926685,0.148704484105,0.0356430783868,0.00679827854037,0.000462778494693,0.000187909347005],"mean":[0.00787288229913,0.133895978332,0.586859464645,1.389062047,3.18242073059,4.78140449524,12.3302316666,15.1615905762,19.7175769806,15.696521759,24.1798038483,13.2920351028,17.4891796112,25.5637226105,18.5724620819,27.0977745056,26.0541152954,38.5338249207,23.2279491425,14.3981781006,19.6785030365,12.104757309,8.61870479584,8.97684669495,8.23713588715,4.75052261353,2.77378106117,1.16713058949,0.71827340126,0.404474914074,0.185573503375,0.0995078980923,0.0600164756179,0.0263203773648,0.00773300975561,0.00214135623537,0.000543333124369,0.000124656333355,2.96679336316e-05,1.7098034732e-05],"median":[0.00127320399042,0.0214698463678,0.0783276483417,0.192370206118,0.366315811872,0.69645935297,1.41489255428,1.94968163967,3.24521708488,2.50731611252,3.02119636536,2.16229891777,1.721367836,2.58902788162,1.49460470676,1.78684985638,1.91736006737,1.63762307167,1.987008214,1.46251070499,1.45181918144,1.16653263569,0.849539875984,0.701581776142,0.525377333164,0.375812202692,0.194289579988,0.0900752544403,0.0532098785043,0.0258728023618,0.0116076422855,0.00619686441496,0.00405000708997,0.00203859689645,0.000898835191038,0.000427134946221,0.000202625495149,7.73826104705e-05,2.06602653634e-05,5.0608946367e-06],"min":[1.02000616287e-10,5.3091658847e-10,1.58651647375e-09,3.15988790689e-09,4.70086725102e-09,5.23481125114e-09,4.05956468441e-09,1.72589820213e-09,3.43575501383e-10,1.98443328436e-09,5.74039704659e-09,7.6888637679e-09,6.57816734417e-09,6.55500365099e-09,7.91765586428e-09,5.10954523136e-09,1.04169650683e-09,3.27658766786e-09,1.10660618446e-08,7.77362263449e-09,7.10690795103e-09,4.68067540282e-09,5.20322007702e-09,1.86134947455e-08,1.71003300409e-08,1.5329302272e-08,4.09547666891e-08,5.31704387186e-08,1.91029663199e-08,8.73856453865e-09,5.0300079657e-09,1.18350254041e-08,8.9032887729e-09,7.11698655564e-09,5.21899368167e-09,6.09109207517e-09,5.16814413487e-09,1.48099321695e-09,5.92796700616e-10,7.27543511547e-11],"var":[0.000370702618966,0.101792961359,1.95631444454,11.9987926483,89.7668991089,117.282676697,1382.29797363,1250.72741699,1736.5534668,1369.56628418,4871.93212891,764.199462891,2214.23486328,4061.01708984,3415.74829102,5575.72119141,4940.31396484,22087.6171875,2682.86987305,1437.14453125,2556.43823242,763.145446777,381.830230713,505.076904297,413.624359131,155.390472412,34.7046699524,5.84388875961,2.34884738922,0.844580709934,0.165580078959,0.0520870015025,0.0206912234426,0.00495730852708,0.000333006028086,2.21260397666e-05,9.31526017212e-07,2.24725216214e-08,4.09978467841e-10,4.97055674398e-10]},"erbbands_crest":{"dmean":3.14836740494,"dmean2":5.14969730377,"dvar":8.46517562866,"dvar2":20.767572403,"max":32.0458641052,"mean":10.1697072983,"median":8.97142505646,"min":1.86709916592,"var":23.4616336823},"erbbands_flatness_db":{"dmean":0.0165300630033,"dmean2":0.0247490517795,"dvar":0.000223344410188,"dvar2":0.000460672599729,"max":0.422003060579,"mean":0.200616821647,"median":0.202983692288,"min":0.0197586715221,"var":0.00269329478033},"erbbands_kurtosis":{"dmean":0.979318857193,"dmean2":1.57723140717,"dvar":3.16633868217,"dvar2":6.82231473923,"max":89.4958648682,"mean":0.515986025333,"median":-0.177064418793,"min":-1.6658642292,"var":8.48927879333},"erbbands_skewness":{"dmean":0.384279578924,"dmean2":0.603592097759,"dvar":0.116830229759,"dvar2":0.269086837769,"max":5.75247192383,"mean":0.248428151011,"median":0.195822387934,"min":-7.26368713379,"var":0.640091300011},"erbbands_spread":{"dmean":5.1685962677,"dmean2":8.16489887238,"dvar":24.0416870117,"dvar2":58.4964370728,"max":135.539535522,"mean":25.6600379944,"median":23.7337493896,"min":0.793155610561,"var":196.443954468},"gfcc":{"cov":[[18223.9570312,4282.62646484,-3530.72387695,989.764099121,-1296.94799805,-266.52230835,-266.343048096,-431.663848877,-206.738601685,-405.2159729,142.408203125,-428.66003418,163.925094604],[4282.62646484,3037.7746582,-96.5374908447,-495.257263184,-159.109970093,-399.150299072,-151.960144043,-213.890930176,-110.852706909,-113.821998596,25.659576416,-110.281944275,35.6499404907],[-3530.72387695,-96.5374908447,1535.78393555,-165.871444702,327.066589355,90.1790542603,-31.4584083557,-16.2739524841,-28.1351966858,25.8513011932,-43.9223098755,81.1281814575,-43.7140426636],[989.764099121,-495.257263184,-165.871444702,717.289245605,-4.22011899948,187.787033081,53.3278198242,-16.1631965637,-1.43760323524,-58.2801437378,-9.30656719208,-30.0066299438,-0.180164083838],[-1296.94799805,-159.109970093,327.066589355,-4.22011899948,268.388366699,92.6055908203,59.6421127319,28.2971115112,9.79400920868,36.930973053,-9.13283157349,12.6604480743,-29.7632160187],[-266.52230835,-399.150299072,90.1790542603,187.787033081,92.6055908203,264.8175354,69.6157073975,25.0902919769,8.51075839996,9.93233394623,4.01354503632,-7.45213937759,-28.0252571106],[-266.343048096,-151.960144043,-31.4584083557,53.3278198242,59.6421127319,69.6157073975,126.052993774,71.9396514893,36.2312164307,12.8175010681,-4.33409357071,-3.3718252182,-6.71246767044],[-431.663848877,-213.890930176,-16.2739524841,-16.1631965637,28.2971115112,25.0902919769,71.9396514893,122.631019592,64.8058395386,28.719625473,-5.7636384964,10.3826904297,-0.350519299507],[-206.738601685,-110.852706909,-28.1351966858,-1.43760323524,9.79400920868,8.51075839996,36.2312164307,64.8058395386,88.584197998,51.1377944946,11.9194459915,5.38592195511,-5.48897171021],[-405.2159729,-113.821998596,25.8513011932,-58.2801437378,36.930973053,9.93233394623,12.8175010681,28.719625473,51.1377944946,98.9241638184,53.8664512634,22.1513309479,-13.0580625534],[142.408203125,25.659576416,-43.9223098755,-9.30656719208,-9.13283157349,4.01354503632,-4.33409357071,-5.7636384964,11.9194459915,53.8664512634,88.8031311035,41.7475547791,2.15882301331],[-428.66003418,-110.281944275,81.1281814575,-30.0066299438,12.6604480743,-7.45213937759,-3.3718252182,10.3826904297,5.38592195511,22.1513309479,41.7475547791,88.8274917603,38.4959259033],[163.925094604,35.6499404907,-43.7140426636,-0.180164083838,-29.7632160187,-28.0252571106,-6.71246767044,-0.350519299507,-5.48897171021,-13.0580625534,2.15882301331,38.4959259033,80.4331054688]],"icov":[[0.00208840123378,-0.00366447283886,0.00344440969639,-0.00381702487357,0.00446052709594,-0.00422956375405,0.00346979522146,-0.00222245790064,0.00193103472702,-0.000952276168391,-0.000578093051445,0.00129272800405,-0.000937885954045],[-0.00366447283886,0.00715101556852,-0.00620487611741,0.00723661808297,-0.00804742798209,0.00820012390614,-0.00647031283006,0.00501406751573,-0.00430606259033,0.00373631762341,-0.00140106398612,1.70354378497e-05,0.000646131811664],[0.00344440969639,-0.00620487611741,0.00687358994037,-0.00619996571913,0.00616874685511,-0.00748579949141,0.00667199864984,-0.00363407051191,0.00343961128965,-0.00219383626245,0.00111135910265,-0.000324498163536,-0.000328458700096],[-0.00381702487357,0.00723661808297,-0.00619996571913,0.00948132760823,-0.00837158504874,0.00670776236802,-0.00699293240905,0.00603126408532,-0.00588323315606,0.00557553488761,-0.00161140877753,-0.00032429114799,0.00060764659429],[0.00446052709594,-0.00804742798209,0.00616874685511,-0.00837158504874,0.0166419055313,-0.0102870687842,0.00414659269154,-0.00463638873771,0.00651975069195,-0.00675106141716,0.00218124664389,0.00100897543598,-0.000482901348732],[-0.00422956375405,0.00820012390614,-0.00748579949141,0.00670776236802,-0.0102870687842,0.0155780557543,-0.00973501242697,0.00519974855706,-0.00354065140709,0.00325622060336,-0.00212856172584,0.00019952376897,0.00201224070042],[0.00346979522146,-0.00647031283006,0.00667199864984,-0.00699293240905,0.00414659269154,-0.00973501242697,0.0218171682209,-0.0125819016248,0.00294169737026,-0.00045274142758,-0.0012050193036,0.00236569275148,-0.00165760947857],[-0.00222245790064,0.00501406751573,-0.00363407051191,0.00603126408532,-0.00463638873771,0.00519974855706,-0.0125819016248,0.023893494159,-0.0149492193013,0.00453349249437,0.00155843573157,-0.00241433084011,0.000325268658344],[0.00193103472702,-0.00430606259033,0.00343961128965,-0.00588323315606,0.00651975069195,-0.00354065140709,0.00294169737026,-0.0149492193013,0.0309197623283,-0.0190925318748,0.0072803995572,-0.00133780343458,0.000643782841507],[-0.000952276168391,0.00373631762341,-0.00219383626245,0.00557553488761,-0.00675106141716,0.00325622060336,-0.00045274142758,0.00453349249437,-0.0190925318748,0.0361676551402,-0.0239766091108,0.00852088443935,-0.00114254257642],[-0.000578093051445,-0.00140106398612,0.00111135910265,-0.00161140877753,0.00218124664389,-0.00212856172584,-0.0012050193036,0.00155843573157,0.0072803995572,-0.0239766091108,0.0373255759478,-0.0226254742593,0.00880249030888],[0.00129272800405,1.70354378497e-05,-0.000324498163536,-0.00032429114799,0.00100897543598,0.00019952376897,0.00236569275148,-0.00241433084011,-0.00133780343458,0.00852088443935,-0.0226254742593,0.0336428098381,-0.016391877085],[-0.000937885954045,0.000646131811664,-0.000328458700096,0.00060764659429,-0.000482901348732,0.00201224070042,-0.00165760947857,0.000325268658344,0.000643782841507,-0.00114254257642,0.00880249030888,-0.016391877085,0.0217335857451]],"mean":[-141.4034729,106.526679993,-135.101623535,7.81715774536,-44.7669563293,-8.29204368591,-31.6617565155,-0.245408415794,-18.5235137939,1.5718100071,-9.32269859314,-3.711124897,-7.7249455452]},"hfc":{"dmean":2.86040282249,"dmean2":3.96575903893,"dvar":34.1844215393,"dvar2":65.0231323242,"max":117.797538757,"mean":10.10683918,"median":1.64280605316,"min":1.77073246732e-07,"var":253.224685669},"melbands":{"dmean":[6.10823917668e-05,0.00014944911527,0.000152571912622,0.00018099200679,0.000195800574147,0.00018949402147,0.000182375704753,0.000104998973256,0.000113585105282,4.73570144095e-05,5.11927319167e-05,7.23714329069e-05,4.45244622824e-05,5.10153731739e-05,4.07838451792e-05,3.67335269402e-05,4.41403935838e-05,2.32772235904e-05,1.31153101393e-05,1.12179632197e-05,1.54627105076e-05,8.21506728244e-06,5.97522375756e-06,5.43668102182e-06,4.16923603552e-06,4.67171730634e-06,2.30759951592e-06,1.58887087309e-06,1.06954598778e-06,5.35618937647e-07,3.09834803147e-07,2.17770690369e-07,1.87624976888e-07,1.0561625885e-07,6.21775413379e-08,4.0964209802e-08,2.91996258284e-08,2.42856987853e-08,1.87917947869e-08,9.9374588558e-09],"dmean2":[9.96328817564e-05,0.000233594619203,0.000232006554143,0.000276901409961,0.00028957950417,0.000287499424303,0.000285403075395,0.000162866621395,0.000168063328601,7.31880645617e-05,7.77629829827e-05,0.000114809583465,7.40258110454e-05,8.36917606648e-05,6.3803177909e-05,5.81596395932e-05,6.94680784363e-05,3.76422322006e-05,2.14484844037e-05,1.88399990293e-05,2.5481071134e-05,1.32456434585e-05,9.71411463979e-06,8.80818515725e-06,6.71308589517e-06,7.65356799093e-06,3.66105723515e-06,2.53644816439e-06,1.71288104411e-06,8.34967636365e-07,4.85781015414e-07,3.39648153158e-07,2.89096618644e-07,1.62029991202e-07,9.39054061178e-08,6.18680573439e-08,4.4273747335e-08,3.62434029455e-08,2.76338827376e-08,1.46800838152e-08],"dvar":[2.09479669167e-08,1.21314712942e-07,1.540241783e-07,2.15731887465e-07,3.52493401579e-07,2.25408683718e-07,1.79784564125e-07,7.20394126574e-08,1.09931164616e-07,1.3681405342e-08,2.33135803995e-08,4.198994219e-08,3.8088785459e-08,2.73959823716e-08,1.9129146267e-08,1.28674875199e-08,4.1240639348e-08,3.78721232153e-09,1.69944569528e-09,1.2854186604e-09,2.54001841782e-09,7.10924263903e-10,3.82063714e-10,3.51978085567e-10,2.17106166378e-10,2.08731046336e-10,4.76972975005e-11,3.13191139689e-11,8.70670202602e-12,2.60214050828e-12,7.54240094859e-13,3.91070151522e-13,3.12232770021e-13,1.01883711428e-13,2.88281836011e-14,1.61348002694e-14,1.04811280911e-14,6.75275333155e-15,4.75123946466e-15,1.57170256204e-15],"dvar2":[5.62875470678e-08,2.76917916153e-07,3.30583901587e-07,4.47164012485e-07,7.25022118786e-07,5.13278450853e-07,4.19188694423e-07,1.6137171599e-07,2.16169183886e-07,3.03892022657e-08,4.52615438462e-08,1.01900766936e-07,1.07104881408e-07,6.9813893333e-08,4.20166159643e-08,3.0703745324e-08,8.84550388491e-08,9.34039956491e-09,4.42402425804e-09,3.43810580006e-09,6.67214061778e-09,1.7706320854e-09,8.75800376665e-10,9.40358124701e-10,5.73542879856e-10,5.46766798504e-10,1.13702103288e-10,8.07692593363e-11,2.21769547171e-11,6.20813513444e-12,1.85105750172e-12,9.87154693925e-13,7.39268021799e-13,2.40833747259e-13,6.6697718854e-14,3.82993062178e-14,2.58271475631e-14,1.59551750745e-14,1.10851345803e-14,3.67111660285e-15],"max":[0.00610363529995,0.0105151366442,0.0109766721725,0.0138704618439,0.0340363867581,0.0144095523283,0.0087550105527,0.00728696770966,0.0109028648585,0.00500087067485,0.00831780955195,0.00442890822887,0.00751845538616,0.00390689214692,0.00448574498296,0.00304255797528,0.00724009703845,0.00130813475698,0.00202127569355,0.00105550675653,0.00159101071768,0.00070604326902,0.000984943355434,0.000536732899491,0.000491503102239,0.000287257891614,0.000215858366573,0.000214604020584,7.37505688448e-05,6.66939959046e-05,2.65550388576e-05,1.731622433e-05,2.02955725399e-05,8.39394760987e-06,4.149284905e-06,3.22854521073e-06,4.23504843639e-06,3.9255169213e-06,3.42922430718e-06,2.04551361094e-06],"mean":[0.000104118560557,0.000264069822151,0.00028015760472,0.000297051970847,0.000376544194296,0.000343144667568,0.000297429534839,0.000173738138983,0.000183929674677,7.85770316725e-05,8.88187423698e-05,0.000106395687908,6.08103837294e-05,7.22455879441e-05,5.97239813942e-05,5.70267875446e-05,7.17451621313e-05,3.70850611944e-05,2.09192294278e-05,1.80471779458e-05,2.41193429247e-05,1.29955069497e-05,9.07501907932e-06,8.35059017845e-06,6.80694120092e-06,7.37078289603e-06,3.97821486331e-06,2.7373971534e-06,1.97387930712e-06,1.00331260455e-06,5.74471641812e-07,4.16116989754e-07,3.31726397462e-07,1.84184472118e-07,1.13470953522e-07,7.32861451525e-08,5.25706305154e-08,4.36988756292e-08,3.38413279621e-08,1.79128711864e-08],"median":[1.7167396436e-05,4.00392164011e-05,3.78479198844e-05,3.86483152397e-05,4.87296056235e-05,4.40064759459e-05,4.90359270771e-05,2.79189716821e-05,2.36285886785e-05,1.1082473975e-05,8.19485285319e-06,1.01808836916e-05,4.00438375436e-06,4.19997058998e-06,4.05672972192e-06,3.55409474651e-06,2.40469671553e-06,2.85286910184e-06,2.24527434511e-06,1.45426827203e-06,1.63210415849e-06,1.12540021746e-06,6.86693454099e-07,6.4895880314e-07,4.41562519882e-07,3.94044576524e-07,2.8817427733e-07,2.06467902331e-07,1.20366379974e-07,6.09256645134e-08,4.33395968003e-08,2.95776665382e-08,2.14248867536e-08,1.0358451874e-08,6.85186840599e-09,4.40896164022e-09,3.17534798455e-09,2.84506063153e-09,2.34409069932e-09,1.46341960772e-09],"min":[9.2269334534e-13,8.01028080671e-13,5.97130309608e-13,3.68598218354e-13,1.61704078404e-13,3.99961808735e-14,5.30975054371e-15,2.6547633788e-14,5.03481601571e-14,4.80602428514e-14,3.20876985193e-14,2.58208625786e-14,2.6675611996e-14,1.91080316039e-14,6.31873661399e-15,9.91807606841e-16,6.56154114942e-15,1.73788951573e-14,1.58377678377e-14,5.91624773328e-15,9.46036275712e-15,5.94266626739e-15,2.32746612104e-15,6.25342317398e-15,1.64718380672e-14,1.37395477957e-14,1.16578177911e-14,7.92730173226e-15,2.60422651326e-14,2.54792508028e-14,3.28376309976e-14,1.4241364842e-14,2.25461620538e-15,5.43401197113e-15,2.1838341089e-15,4.53336861458e-15,8.14339508369e-15,4.77014693411e-15,7.7778783441e-15,5.39296644858e-15],"var":[6.39995718643e-08,3.57543285645e-07,4.60767040522e-07,5.3569630154e-07,1.14380486593e-06,5.81365839025e-07,3.84730952874e-07,1.57456327088e-07,2.72260393785e-07,3.08948671091e-08,5.64427722338e-08,7.25838233961e-08,4.97439387459e-08,4.21962447206e-08,3.23180273654e-08,2.40565452003e-08,8.25933454962e-08,7.90243337434e-09,2.98588287428e-09,2.4629365214e-09,4.31106617071e-09,1.1854165427e-09,6.70757394072e-10,5.39327971172e-10,3.95786126095e-10,3.64267921382e-10,9.72089492235e-11,6.07382685813e-11,2.02850982539e-11,7.07237740594e-12,1.65480172967e-12,9.21968773028e-13,7.06617056534e-13,2.16923823197e-13,6.75410926189e-14,3.02397945009e-14,1.78766540687e-14,1.17609161003e-14,7.94283716354e-15,2.43599581729e-15]},"melbands_crest":{"dmean":3.30648779869,"dmean2":5.3684015274,"dvar":8.38776683807,"dvar2":21.2258262634,"max":32.636592865,"mean":12.0462808609,"median":10.9741306305,"min":2.57365345955,"var":25.4866657257},"melbands_flatness_db":{"dmean":0.0212320275605,"dmean2":0.0312010422349,"dvar":0.000336508237524,"dvar2":0.000755715067498,"max":0.510444641113,"mean":0.212718382478,"median":0.208925873041,"min":0.0256536342204,"var":0.00543793244287},"melbands_kurtosis":{"dmean":3.24146938324,"dmean2":5.18183612823,"dvar":40.6848449707,"dvar2":109.938827515,"max":145.595123291,"mean":5.41925621033,"median":2.7726483345,"min":-1.8635263443,"var":102.485534668},"melbands_skewness":{"dmean":0.538913011551,"dmean2":0.83546346426,"dvar":0.271962493658,"dvar2":0.678428113461,"max":11.0175952911,"mean":1.56413376331,"median":1.45945882797,"min":-3.1372449398,"var":1.41490495205},"melbands_spread":{"dmean":6.60228443146,"dmean2":10.4329414368,"dvar":73.7935791016,"dvar2":188.659378052,"max":177.492645264,"mean":25.4471416473,"median":20.2339324951,"min":0.788477599621,"var":477.225524902},"mfcc":{"cov":[[20377.9824219,2683.2512207,-2068.35791016,558.027709961,-1114.55114746,-168.109085083,-368.607971191,-249.684646606,-396.608520508,-187.445907593,-307.608123779,-202.295730591,-109.259552002],[2683.2512207,3058.40112305,112.870132446,-203.4868927,-141.586135864,-321.794036865,-155.483886719,-240.611862183,-163.332382202,-136.143859863,-140.725708008,-41.6566734314,22.3553924561],[-2068.35791016,112.870132446,822.38659668,18.5822105408,237.528884888,115.202880859,55.2696151733,39.9669303894,1.85272932053,-46.2000389099,-16.4406890869,1.39179432392,4.86388158798],[558.027709961,-203.4868927,18.5822105408,302.343231201,44.2977867126,83.40650177,31.0441436768,44.3457374573,17.8473529816,-0.663507819176,-11.2815637589,-25.0577354431,-20.5766887665],[-1114.55114746,-141.586135864,237.528884888,44.2977867126,209.528060913,114.209342957,68.5464706421,36.0838661194,13.3805990219,8.11159229279,27.1283016205,8.7788848877,-11.686299324],[-168.109085083,-321.794036865,115.202880859,83.40650177,114.209342957,209.731369019,96.5420837402,57.2506065369,7.2642364502,10.9197673798,37.8473052979,13.0701007843,-20.6851463318],[-368.607971191,-155.483886719,55.2696151733,31.0441436768,68.5464706421,96.5420837402,113.123001099,58.9987335205,19.5536441803,19.2647418976,27.2969837189,11.5291538239,-7.99972105026],[-249.684646606,-240.611862183,39.9669303894,44.3457374573,36.0838661194,57.2506065369,58.9987335205,108.591583252,61.9222640991,24.6219043732,13.2080984116,-2.39770793915,-2.9916601181],[-396.608520508,-163.332382202,1.85272932053,17.8473529816,13.3805990219,7.2642364502,19.5536441803,61.9222640991,109.95614624,57.048992157,10.9518470764,-8.48747730255,-11.0180635452],[-187.445907593,-136.143859863,-46.2000389099,-0.663507819176,8.11159229279,10.9197673798,19.2647418976,24.6219043732,57.048992157,99.9967651367,61.7034187317,9.54264354706,-19.9080638885],[-307.608123779,-140.725708008,-16.4406890869,-11.2815637589,27.1283016205,37.8473052979,27.2969837189,13.2080984116,10.9518470764,61.7034187317,112.479866028,58.4230308533,-8.94741630554],[-202.295730591,-41.6566734314,1.39179432392,-25.0577354431,8.7788848877,13.0701007843,11.5291538239,-2.39770793915,-8.48747730255,9.54264354706,58.4230308533,98.8937835693,51.8972854614],[-109.259552002,22.3553924561,4.86388158798,-20.5766887665,-11.686299324,-20.6851463318,-7.99972105026,-2.9916601181,-11.0180635452,-19.9080638885,-8.94741630554,51.8972854614,117.983726501]],"icov":[[0.000189291866263,-0.000238607142819,0.000383062957553,-0.00040537759196,0.000794873281848,-0.000907926994842,0.000676659867167,-0.000621191808023,0.000767609977629,-0.000452672044048,0.000539663073141,-0.00017954906798,0.000198902605916],[-0.000238607142819,0.000785232812632,-0.000681969802827,0.000572846271098,-0.000881667598151,0.00185240199789,-0.00129377376288,0.00154402118642,-0.000735843728762,0.000668569526169,-0.000391537236283,0.00018585237558,-0.000120211458125],[0.000383062957553,-0.000681969802827,0.00282703828998,-0.000555177044589,-0.000835546059534,-0.00225676479749,0.00207032333128,-0.00199302379042,0.00124872021843,5.16628788318e-05,0.00136586406734,-0.000473641557619,0.000319257291267],[-0.00040537759196,0.000572846271098,-0.000555177044589,0.0048964722082,-0.00210563605651,0.000256958330283,-0.000543385278434,0.000123339326819,-0.00154981901869,0.000980919925496,-0.000373287592083,0.00100624305196,-0.000254466605838],[0.000794873281848,-0.000881667598151,-0.000835546059534,-0.00210563605651,0.0133663462475,-0.0065440540202,0.000149269413669,-0.00087728688959,0.00207108492032,-0.00166793446988,0.000517626700457,5.89626470173e-05,0.000660157995299],[-0.000907926994842,0.00185240199789,-0.00225676479749,0.000256958330283,-0.0065440540202,0.0159871373326,-0.0096447058022,0.00245868647471,-0.00171354785562,0.00333348312415,-0.00401879800484,0.000336596101988,0.000458801834611],[0.000676659867167,-0.00129377376288,0.00207032333128,-0.000543385278434,0.000149269413669,-0.0096447058022,0.0218078065664,-0.0112230787054,0.00561061315238,-0.00449120998383,0.00295919040218,-0.00236488739029,0.00124035438057],[-0.000621191808023,0.00154402118642,-0.00199302379042,0.000123339326819,-0.00087728688959,0.00245868647471,-0.0112230787054,0.0244961194694,-0.0146980369464,0.0066127195023,-0.0051984237507,0.00377181940712,-0.00286993035115],[0.000767609977629,-0.000735843728762,0.00124872021843,-0.00154981901869,0.00207108492032,-0.00171354785562,0.00561061315238,-0.0146980369464,0.025738356635,-0.0167423412204,0.0104967141524,-0.00379946804605,0.00248682592064],[-0.000452672044048,0.000668569526169,5.16628788318e-05,0.000980919925496,-0.00166793446988,0.00333348312415,-0.00449120998383,0.0066127195023,-0.0167423412204,0.0297806058079,-0.0199383124709,0.0084373941645,-0.00185639236588],[0.000539663073141,-0.000391537236283,0.00136586406734,-0.000373287592083,0.000517626700457,-0.00401879800484,0.00295919040218,-0.0051984237507,0.0104967141524,-0.0199383124709,0.0320333875716,-0.0197805650532,0.00861412286758],[-0.00017954906798,0.00018585237558,-0.000473641557619,0.00100624305196,5.89626470173e-05,0.000336596101988,-0.00236488739029,0.00377181940712,-0.00379946804605,0.0084373941645,-0.0197805650532,0.0275323353708,-0.0125481309369],[0.000198902605916,-0.000120211458125,0.000319257291267,-0.000254466605838,0.000660157995299,0.000458801834611,0.00124035438057,-0.00286993035115,0.00248682592064,-0.00185639236588,0.00861412286758,-0.0125481309369,0.014874111861]],"mean":[-783.381286621,145.178771973,-28.3767547607,17.828004837,-1.58458197117,-3.31054234505,-4.31181049347,-5.65439462662,-4.11367845535,0.778476595879,-0.838007509708,-0.13830947876,0.746256411076]},"pitch_salience":{"dmean":0.0666279345751,"dmean2":0.107785895467,"dvar":0.0031356071122,"dvar2":0.0079293968156,"max":0.882003247738,"mean":0.571866452694,"median":0.576080679893,"min":0.119443796575,"var":0.0112523175776},"silence_rate_20dB":{"dmean":0,"dmean2":0,"dvar":0,"dvar2":0,"max":1,"mean":1,"median":1,"min":1,"var":0},"silence_rate_30dB":{"dmean":0.00170154846273,"dmean2":0.00340338633396,"dvar":0.00169867603108,"dvar2":0.00390229793265,"max":1,"mean":0.997958302498,"median":1,"min":0,"var":0.0020375084132},"silence_rate_60dB":{"dmean":0.0348817408085,"dmean2":0.0697694197297,"dvar":0.0336674973369,"dvar2":0.0752936899662,"max":1,"mean":0.542067229748,"median":1,"min":0,"var":0.248249873519},"spectral_centroid":{"dmean":195.863983154,"dmean2":297.737823486,"dvar":37957.0429688,"dvar2":87070.3515625,"max":4271.88867188,"mean":1300.27453613,"median":1124.06811523,"min":177.089248657,"var":601170.125},"spectral_complexity":{"dmean":1.65475583076,"dmean2":2.60171866417,"dvar":3.6088821888,"dvar2":8.24583244324,"max":46,"mean":10.5539770126,"median":7,"min":0,"var":102.672843933},"spectral_contrast_coeffs":{"dmean":[0.0459075644612,0.0443803369999,0.0381134003401,0.0291833803058,0.0209813844413,0.0131486272439],"dmean2":[0.0746559426188,0.0723177343607,0.0618568882346,0.0467863753438,0.0338409543037,0.0211319159716],"dvar":[0.00138502253685,0.00124742172193,0.000951640249696,0.000567181385122,0.000301813211991,0.000123777877889],"dvar2":[0.0036567968782,0.00330504518934,0.00243405695073,0.00142232084181,0.000750292500015,0.000308331102133],"max":[-0.322084099054,-0.423817962408,-0.438899546862,-0.528045296669,-0.54203248024,-0.627119123936],"mean":[-0.680624961853,-0.738935291767,-0.762966811657,-0.769344687462,-0.785379827023,-0.77999073267],"median":[-0.678434610367,-0.738034129143,-0.76290333271,-0.76876616478,-0.784894227982,-0.771541774273],"min":[-0.990441560745,-0.951528012753,-0.985438525677,-0.959425210953,-0.926397383213,-0.905886232853],"var":[0.0111279468983,0.00688743358478,0.00615589832887,0.00541852135211,0.00389891583472,0.00365331862122]},"spectral_contrast_valleys":{"dmean":[0.394147872925,0.327704876661,0.278841078281,0.232709899545,0.196028888226,0.164710298181],"dmean2":[0.663072526455,0.53809595108,0.453418731689,0.362460911274,0.283324986696,0.222435742617],"dvar":[0.0977377668023,0.066482976079,0.0494233071804,0.0392253063619,0.0346953459084,0.0374969914556],"dvar2":[0.268399298191,0.174054920673,0.122852280736,0.0866559967399,0.062692053616,0.0566849969327],"max":[-5.67516183853,-4.77135419846,-5.52558040619,-6.08527088165,-6.2381529808,-8.86724853516],"mean":[-8.82285022736,-7.71765518188,-8.46345329285,-8.82978153229,-8.95673274994,-12.077832222],"median":[-8.55949497223,-7.39438867569,-8.33204364777,-8.82214450836,-9.0110616684,-12.4065561295],"min":[-16.297077179,-17.1689128876,-16.872089386,-17.0633449554,-17.1031150818,-18.5596103668],"var":[2.27761101723,2.96068024635,2.45226144791,1.93901979923,1.8757776022,0.957980871201]},"spectral_decrease":{"dmean":8.07367506184e-10,"dmean2":1.13781450928e-09,"dvar":2.3612056701e-18,"dvar2":4.64542233186e-18,"max":4.85786524261e-15,"mean":-3.02359604021e-09,"median":-6.06193650832e-10,"min":-4.20357011421e-08,"var":2.04615350244e-17},"spectral_energy":{"dmean":0.00326234288514,"dmean2":0.00458043627441,"dvar":3.85230268876e-05,"dvar2":7.52334090066e-05,"max":0.164751306176,"mean":0.0123284524307,"median":0.00243119522929,"min":2.32181669724e-11,"var":0.000339122023433},"spectral_energyband_high":{"dmean":4.51704690931e-05,"dmean2":6.55114272377e-05,"dvar":1.15056231209e-08,"dvar2":2.53619116819e-08,"max":0.0025372216478,"mean":0.000113228299597,"median":9.36306514632e-06,"min":9.37127805911e-12,"var":4.76419437234e-08},"spectral_energyband_low":{"dmean":0.000629644026048,"dmean2":0.000968946143985,"dvar":1.82459086773e-06,"dvar2":4.19620391767e-06,"max":0.0355510190129,"mean":0.001318427152,"median":0.000249389151577,"min":5.78993190198e-12,"var":6.99362408341e-06},"spectral_energyband_middle_high":{"dmean":0.00157278182451,"dmean2":0.00234060827643,"dvar":1.25349588416e-05,"dvar2":2.71707904176e-05,"max":0.0731758028269,"mean":0.00421180622652,"median":0.000522224872839,"min":1.72422980841e-12,"var":5.2979481552e-05},"spectral_energyband_middle_low":{"dmean":0.00240012723953,"dmean2":0.00345135014504,"dvar":2.28824355872e-05,"dvar2":4.72464853374e-05,"max":0.148482352495,"mean":0.00706414366141,"median":0.00144648365676,"min":3.67437243826e-12,"var":0.000132633300382},"spectral_entropy":{"dmean":0.132112443447,"dmean2":0.195534080267,"dvar":0.0145514803007,"dvar2":0.0298813264817,"max":8.86787796021,"mean":7.20969009399,"median":7.21099615097,"min":5.11883115768,"var":0.27002120018},"spectral_flux":{"dmean":0.00894527230412,"dmean2":0.0146490270272,"dvar":0.000137205730425,"dvar2":0.000367495435057,"max":0.234263584018,"mean":0.0432910062373,"median":0.0254179369658,"min":0.000350838177837,"var":0.00165170570835},"spectral_kurtosis":{"dmean":2.58014941216,"dmean2":4.40311002731,"dvar":7.74578475952,"dvar2":22.4071273804,"max":61.8066635132,"mean":9.39299583435,"median":7.44352626801,"min":0.656884908676,"var":44.2563896179},"spectral_rms":{"dmean":0.000367126689525,"dmean2":0.000507400196511,"dvar":2.19786898015e-07,"dvar2":4.16347177179e-07,"max":0.0126780513674,"mean":0.00254408433102,"median":0.0015400967095,"min":1.50505385932e-07,"var":5.55539008928e-06},"spectral_rolloff":{"dmean":408.481933594,"dmean2":691.725402832,"dvar":874208.5625,"dvar2":2343066.5,"max":19853.6132812,"mean":1873.50878906,"median":1313.52539062,"min":64.599609375,"var":5937160},"spectral_skewness":{"dmean":0.254430055618,"dmean2":0.422128349543,"dvar":0.0560957789421,"dvar2":0.15021084249,"max":6.27719974518,"mean":2.03080701828,"median":1.78524124622,"min":0.681996166706,"var":0.632468521595},"spectral_spread":{"dmean":242538.703125,"dmean2":379867.8125,"dvar":70419709952,"dvar2":147959103488,"max":13616697,"mean":3276961,"median":2841030.5,"min":1379126.5,"var":2913079132160.0},"spectral_strongpeak":{"dmean":0.474734336138,"dmean2":0.781922638416,"dvar":0.789252340794,"dvar2":1.90761566162,"max":13.8297128677,"mean":0.817363262177,"median":0.369064033031,"min":0,"var":1.49959588051},"zerocrossingrate":{"dmean":0.00722294021398,"dmean2":0.00889882538468,"dvar":9.02502579265e-05,"dvar2":0.000135521055199,"max":0.49755859375,"mean":0.065580971539,"median":0.04931640625,"min":0.005859375,"var":0.00359524064697}},"metadata":{"audio_properties":{"analysis_sample_rate":44100,"bit_rate":0,"codec":"flac","downmix":"mix","equal_loudness":0,"length":272.906677246,"lossless":true,"md5_encoded":"3a2fdf8d204ec92cb1a0a832090b0ff9","replay_gain":-3.56090354919,"sample_rate":44100},"tags":{"acoustid_id":["95a697a0-12a9-4c99-9f27-504e272bee95"],"album":["The Complete RCA Album Collection"],"albumartist":["Chicago Symphony Orchestra, Fritz Reiner"],"albumartistsort":["Chicago Symphony Orchestra, Reiner, Fritz"],"artist":["Gioachino Rossini"],"artists":["Gioachino Rossini"],"artistsort":["Rossini, Gioachino"],"composer":["Gioacchino Rossini"],"date":["2013"],"discnumber":["33"],"disctotal":["15"],"file_name":"CD33 06 La Cenerentola.flac","genre":["Classical"],"isrc":["USSM11301689"],"label":["Sony Classical"],"media":["CD"],"musicbrainz_albumartistid":["509c772e-1164-4457-8d09-0553cfa77d64","6a720f84-d307-4aa4-a75f-7d85bef56ede"],"musicbrainz_albumid":["fb892d10-2ba6-4824-9d0d-fd5037658418"],"musicbrainz_artistid":["846be3c9-5f94-46ab-97b9-531335dd3658"],"musicbrainz_recordingid":["00a0e944-9071-45bb-81f0-ad6150a04e16"],"musicbrainz_releasegroupid":["981390aa-17f6-4185-bc8c-c59fe1f83be1"],"musicbrainz_releasetrackid":["6ed3f9af-e268-4466-aa20-dde7632327bc"],"originaldate":["2013"],"releasecountry":["US"],"releasestatus":["official"],"releasetype":["album","compilation"],"script":["Latn"],"title":["La Cenerentola"],"totaldiscs":["15"],"totaltracks":["6"],"tracknumber":["6"],"tracktotal":["6"]},"version":{"essentia":"2.1-beta1","essentia_build_sha":"5c9e65ec81695c916afb4cba055c226bfc528ee6","essentia_git_sha":"v2.1_beta1-28-g21ef5f4","extractor":"music 1.0"}},"rhythm":{"beats_count":572,"beats_loudness":{"dmean":0.00827137660235,"dmean2":0.0144453197718,"dvar":0.000171937688719,"dvar2":0.000482505827677,"max":0.130420342088,"mean":0.018139468506,"median":0.00409775367007,"min":3.61619441946e-07,"var":0.000583192042541},"beats